6666
1
1
11
24
262
257
257
260
30
1
0
1
0
1
1
0
1
0
1
0
0
1
0
0
1
0
0
0
0
0
0
0
0
0
0
0
0
0
1
1
1
1
0
0
0
0
0
1
0
0
0
0
0
0
1
0
0
0
0
0
1
0
0
0
0
1
0
0
0
0
1
0
0
0
0
0
1
0
0
0
0
0
0
0
0
1
1
1
0
0
0
1
1
0
0
0
0
0
1
0
1
0
0
0
0
0
1
0
0
0
0
0
0
0
1
0
0
0
1
1
1
1
1
0
0
0
0
0
0
1
1
0
0
0
0
0
0
0
1
1
1
0
0
0
1
0
0
0
1
0
1
0
0
1
0
0
0
0
1
0
0
0
0
0
0
0
0
0
0
1
0
0
0
1
0
0
0
1
0
1
1
0
1
0
0
0
0
1
0
0
0
0
1
0
0
0
1
0
1
0
0
0
0
0
0
0
1
0
0
0
0
0
1
0
0
0
1
0
0
0
1
0
0
0
0
1
0
0
0
1
0
1
0
0
0
0
0
1
0
0
0
0
0
1
1
0
0
0
0
1
1
0
0
0
1
0
0
0
0
0
0
1
0
0
0
0
0
0
1
0
0
1
0
0
0
0
1
0
0
0
1
0
0
0
0
1
0
0
0
1
0
1
0
0
0
0
0
0
0
0
0
0
0
0
0
0
0
0
1
1
0
0
0
0
0
0
0
0
0
0
1
0
0
0
0
0
1
1
0
0
0
0
0
0
1
0
0
0
0
0
1
0
0
0
0
1
1
0
0
0
1
0
0
0
0
0
1
1
0
0
0
0
0
1
1
0
0
0
1
1
1
0
0
0
1
0
0
0
0
0
0
