6666
1
1
11
24
32
27
27
30
30
1
0
1
0
1
1
0
1
0
1
0
0
1
0
0
1
0
0
0
0
0
0
0
0
0
0
0
0
0
1
1
1
1
0
0
0
0
0
1
0
0
0
0
0
0
1
0
0
0
0
0
1
0
0
0
0
1
0
0
0
0
1
0
0
0
0
0
1
0
0
0
0
0
0
0
0
1
1
1
0
0
0
1
1
0
0
0
0
0
1
0
1
0
0
0
0
0
1
0
0
0
0
0
0
0
1
0
0
0
1
1
1
1
1
0
0
0
0
0
0
1
1
0
0
0
0
0
0
0
1
1
1
0
0
0
1
0
0
0
1
0
1
0
0
1
0
0
0
0
1
0
0
0
0
0
0
0
0
0
0
1
0
0
0
1
0
0
0
1
0
1
1
0
1
0
0
0
0
1
0
0
0
0
1
0
0
0
1
0
1
0
0
0
0
0
0
0
1
0
0
0
0
0
1
0
0
0
1
0
0
0
1
0
0
0
0
1
0
0
0
1
0
1
0
0
0
0
0
1
0
0
0
0
0
1
1
0
0
0
0
1
1
0
0
0
1
0
0
0
0
0
0
1
0
0
0
0
0
0
1
0
0
1
0
0
0
0
1
0
0
0
1
0
0
0
0
1
0
0
0
1
0
1
0
0
0
0
0
0
0
0
0
0
0
0
0
0
0
0
1
1
0
0
0
0
0
0
0
0
0
0
1
0
0
0
0
0
1
1
0
0
0
0
0
0
1
0
0
0
0
0
1
0
0
0
0
1
1
0
0
0
1
0
0
0
0
0
1
1
0
0
0
0
0
1
1
0
0
0
1
1
1
0
0
0
1
0
0
0
0
0
0
